07.07.2023;17.26
1;Fedorov;89993333
2;Sazonov;89285665
3;Filatov;89181457854
4;Romanov;89034558745
5;Zotov;89185786530